6.9
13
100
8.5
19
90.5
9
22.5
85.5
2.9
9.9
32
3.2
10
29.5
1.8
30
39.5
3.5
18.5
2
38
6.9
65
6
30
12
29.5
7
20
60
9
19.5
62
7.5
40
9.9
19.9
5.5
12
7.5
55
5.4
8.6
18.6
5.4
29.5
30
12.5
0.8
33.3
4.2
32
19.6
76.6
28
32
19
155
12.4
20
54
19.5
56.5
48
19.5
70.5
130
4
6.4
15.5
45.5
55
20
105
300
30
95
36
78.5
6
60
15
39.2
85.2
90
120
30
30
4
132.5
0.1
0.1
40.5
210
32.4
75.6
6.5
60
10.4
66.6
2.5
120
6.5
45
49.8
50.2
65.5
1
9.5
115
120
34.6
35
80
8
25
15
39
34.5
80
54.5
56
40.6
30
44.5
55
88.4
10
235
220
4
6.5
29
24.5
25
36.5
7.5
35
11.5
40.5
59
460
55.4
52.6
60
3.3
19.5
210
122
4